111111111111111011111110011111110111111111111111
111111111111111111111110111111110111111111111111
111111111111111111111110111111110111111111111111
111111111111111111111110111111110111111111111111
111111111111111111111110111111110111111111111111
111111111111111111111110111111110111111111111111
111111111111111111111110111111110111111111111111
111111111111111111111110111111110111111111111111
111111111111111111111110111111110111111111111111
111111111111111111111110111111110111111111111111
111111111111111111111110111111110111111111111111
000000000000000000000000111111110111111111111110
111111111111111111111111111111110111111111111111
111111111111111111111111111111110111111111111111
111111111111111111111111111111110111111111111111
1111111111111s1111111111111111110111111111111111
111111111111111111111111111111110111111111111111
011111111111111111111111111111110000000000000000
000000000000000011111111111111111111111111111110
111111111111111011111111111111111111111111111111
111111111111111011111111111111111111111111111111
111111111111111011111111111111111111111111111111
111111111111111011111111111111111111111111111111
111111111111111011111111111111111111111111111111
011111111111111011111111000000000000000000000000
111111111111111011111111011111111111111111111111
111111111111111011111111011111111111111111111111
111111111111111011111111011111111111111111111111
111111111111111011111111011111111111111111111111
111111111111111011111111011111111111111111111111
111111111111111011111111011111111111111111111111
111111111111111011111111011111111111111111111111
111111111111111011111111011111111111111111111111
111111111111111011111111011111111111111111111111
111111111111111011111111011111111111111111111111
111111111111111011111110011111110111111111111111

